[0      -11.58625
1      -11.56925
2      -11.55225
3      -11.53525
4      -11.51825
5      -11.50125
6      -11.48425
7      -11.46825
8      -11.45125
9      -11.43425
10     -11.41725
11     -11.40025
12     -11.38325
13     -11.36625
14     -11.34925
15     -11.33225
16     -11.31525
17     -11.29825
18     -11.28125
19     -11.26425
20     -11.24725
21     -11.23025
22     -11.21325
23     -11.19625
24     -11.17925
25     -11.16325
26     -11.14625
27     -11.12925
28     -11.11225
29     -11.09525
          ...   
2911    37.71875
2912    37.73575
2913    37.75275
2914    37.76975
2915    37.78675
2916    37.80375
2917    37.82075
2918    37.83775
2919    37.85475
2920    37.87175
2921    37.88875
2922    37.90475
2923    37.92175
2924    37.93875
2925    37.95575
2926    37.97275
2927    37.98975
2928    38.00675
2929    38.02375
2930    38.04075
2931    38.05775
2932    38.07475
2933    38.09175
2934    38.10875
2935    38.12575
2936    38.14175
2937    38.15875
2938    38.17575
2939    38.19275
2940    38.20975
Name: t, Length: 2941, dtype: float64, [          t       329       615
0    -1.953  0.999479  0.000521
1    -1.936  0.998600  0.001400
2    -1.919  0.999096  0.000904
3    -1.902  0.998909  0.001091
4    -1.885  0.998415  0.001585
5    -1.868  0.998958  0.001042
6    -1.851  0.999226  0.000774
7    -1.835  0.999042  0.000958
8    -1.818  0.998899  0.001101
9    -1.801  0.999240  0.000760
10   -1.784  0.999432  0.000568
11   -1.767  0.998749  0.001251
12   -1.750  0.999117  0.000883
13   -1.733  0.997649  0.002351
14   -1.716  0.999226  0.000774
15   -1.699  0.998921  0.001079
16   -1.682  0.999391  0.000609
17   -1.665  0.999030  0.000970
18   -1.648  0.999901  0.000099
19   -1.631  0.998717  0.001283
20   -1.614  0.999318  0.000682
21   -1.597  0.998747  0.001253
22   -1.581  0.999173  0.000827
23   -1.564  0.999481  0.000519
24   -1.547  0.999036  0.000964
25   -1.530  0.998895  0.001105
26   -1.513  0.999165  0.000835
27   -1.496  0.999071  0.000929
28   -1.479  0.998901  0.001099
29   -1.462  0.999239  0.000761
..      ...       ...       ...
825  12.019  0.011632  0.988368
826  12.036  0.012960  0.987040
827  12.053  0.011085  0.988915
828  12.070  0.012963  0.987037
829  12.087  0.009477  0.990523
830  12.104  0.011757  0.988243
831  12.121  0.012671  0.987329
832  12.138  0.011789  0.988211
833  12.155  0.015266  0.984734
834  12.172  0.014692  0.985308
835  12.189  0.011593  0.988407
836  12.206  0.012788  0.987212
837  12.223  0.012425  0.987575
838  12.240  0.011265  0.988735
839  12.257  0.014470  0.985530
840  12.273  0.013053  0.986947
841  12.290  0.012093  0.987907
842  12.307  0.011741  0.988259
843  12.324  0.013670  0.986330
844  12.341  0.012851  0.987149
845  12.358  0.011520  0.988480
846  12.375  0.012824  0.987176
847  12.392  0.014408  0.985592
848  12.409  0.011783  0.988217
849  12.426  0.011644  0.988356
850  12.443  0.010799  0.989201
851  12.460  0.013541  0.986459
852  12.477  0.011825  0.988175
853  12.494  0.010177  0.989823
854  12.510  0.012320  0.987680

[855 rows x 3 columns],              t       329       615
0    -11.58625  0.999996  0.000004
1    -11.56925  1.000000  0.000000
2    -11.55225  0.999996  0.000004
3    -11.53525  1.000000  0.000000
4    -11.51825  1.000000  0.000000
5    -11.50125  0.999997  0.000003
6    -11.48425  0.999995  0.000005
7    -11.46825  0.999998  0.000002
8    -11.45125  0.999905  0.000095
9    -11.43425  1.000000  0.000000
10   -11.41725  1.000000  0.000000
11   -11.40025  0.999914  0.000086
12   -11.38325  0.999997  0.000003
13   -11.36625  0.999010  0.000990
14   -11.34925  0.999995  0.000005
15   -11.33225  0.999997  0.000003
16   -11.31525  1.000000  0.000000
17   -11.29825  0.999893  0.000107
18   -11.28125  0.999997  0.000003
19   -11.26425  0.999997  0.000003
20   -11.24725  1.000000  0.000000
21   -11.23025  0.999999  0.000001
22   -11.21325  1.000000  0.000000
23   -11.19625  0.999998  0.000002
24   -11.17925  0.999899  0.000101
25   -11.16325  1.000000  0.000000
26   -11.14625  1.000000  0.000000
27   -11.12925  1.000000  0.000000
28   -11.11225  1.000000  0.000000
29   -11.09525  0.999997  0.000003
...        ...       ...       ...
2911  37.71875  0.006498  0.993502
2912  37.73575  0.012850  0.987150
2913  37.75275  0.003051  0.996949
2914  37.76975  0.005735  0.994265
2915  37.78675  0.015233  0.984767
2916  37.80375  0.011771  0.988229
2917  37.82075  0.000117  0.999883
2918  37.83775  0.008866  0.991134
2919  37.85475  0.017880  0.982120
2920  37.87175  0.000000  1.000000
2921  37.88875       NaN       NaN
2922  37.90475       NaN       NaN
2923  37.92175  0.000000  1.000000
2924  37.93875       NaN       NaN
2925  37.95575       NaN       NaN
2926  37.97275       NaN       NaN
2927  37.98975       NaN       NaN
2928  38.00675  1.000000  0.000000
2929  38.02375       NaN       NaN
2930  38.04075       NaN       NaN
2931  38.05775  0.000000  1.000000
2932  38.07475       NaN       NaN
2933  38.09175       NaN       NaN
2934  38.10875  1.000000  0.000000
2935  38.12575  0.535802  0.464198
2936  38.14175       NaN       NaN
2937  38.15875  0.000000  1.000000
2938  38.17575  1.000000  0.000000
2939  38.19275       NaN       NaN
2940  38.20975       NaN       NaN

[2941 rows x 3 columns]]]
[0      -11.58625
1      -11.56925
2      -11.55225
3      -11.53525
4      -11.51825
5      -11.50125
6      -11.48425
7      -11.46825
8      -11.45125
9      -11.43425
10     -11.41725
11     -11.40025
12     -11.38325
13     -11.36625
14     -11.34925
15     -11.33225
16     -11.31525
17     -11.29825
18     -11.28125
19     -11.26425
20     -11.24725
21     -11.23025
22     -11.21325
23     -11.19625
24     -11.17925
25     -11.16325
26     -11.14625
27     -11.12925
28     -11.11225
29     -11.09525
          ...   
2911    37.71875
2912    37.73575
2913    37.75275
2914    37.76975
2915    37.78675
2916    37.80375
2917    37.82075
2918    37.83775
2919    37.85475
2920    37.87175
2921    37.88875
2922    37.90475
2923    37.92175
2924    37.93875
2925    37.95575
2926    37.97275
2927    37.98975
2928    38.00675
2929    38.02375
2930    38.04075
2931    38.05775
2932    38.07475
2933    38.09175
2934    38.10875
2935    38.12575
2936    38.14175
2937    38.15875
2938    38.17575
2939    38.19275
2940    38.20975
Name: t, Length: 2941, dtype: float64, [          t       329       615
0    -1.953  0.999479  0.000521
1    -1.936  0.998600  0.001400
2    -1.919  0.999096  0.000904
3    -1.902  0.998909  0.001091
4    -1.885  0.998415  0.001585
5    -1.868  0.998958  0.001042
6    -1.851  0.999226  0.000774
7    -1.835  0.999042  0.000958
8    -1.818  0.998899  0.001101
9    -1.801  0.999240  0.000760
10   -1.784  0.999432  0.000568
11   -1.767  0.998749  0.001251
12   -1.750  0.999117  0.000883
13   -1.733  0.997649  0.002351
14   -1.716  0.999226  0.000774
15   -1.699  0.998921  0.001079
16   -1.682  0.999391  0.000609
17   -1.665  0.999030  0.000970
18   -1.648  0.999901  0.000099
19   -1.631  0.998717  0.001283
20   -1.614  0.999318  0.000682
21   -1.597  0.998747  0.001253
22   -1.581  0.999173  0.000827
23   -1.564  0.999481  0.000519
24   -1.547  0.999036  0.000964
25   -1.530  0.998895  0.001105
26   -1.513  0.999165  0.000835
27   -1.496  0.999071  0.000929
28   -1.479  0.998901  0.001099
29   -1.462  0.999239  0.000761
..      ...       ...       ...
825  12.019  0.011632  0.988368
826  12.036  0.012960  0.987040
827  12.053  0.011085  0.988915
828  12.070  0.012963  0.987037
829  12.087  0.009477  0.990523
830  12.104  0.011757  0.988243
831  12.121  0.012671  0.987329
832  12.138  0.011789  0.988211
833  12.155  0.015266  0.984734
834  12.172  0.014692  0.985308
835  12.189  0.011593  0.988407
836  12.206  0.012788  0.987212
837  12.223  0.012425  0.987575
838  12.240  0.011265  0.988735
839  12.257  0.014470  0.985530
840  12.273  0.013053  0.986947
841  12.290  0.012093  0.987907
842  12.307  0.011741  0.988259
843  12.324  0.013670  0.986330
844  12.341  0.012851  0.987149
845  12.358  0.011520  0.988480
846  12.375  0.012824  0.987176
847  12.392  0.014408  0.985592
848  12.409  0.011783  0.988217
849  12.426  0.011644  0.988356
850  12.443  0.010799  0.989201
851  12.460  0.013541  0.986459
852  12.477  0.011825  0.988175
853  12.494  0.010177  0.989823
854  12.510  0.012320  0.987680

[855 rows x 3 columns],              t       329       615
0    -11.58625  0.999996  0.000004
1    -11.56925  1.000000  0.000000
2    -11.55225  0.999996  0.000004
3    -11.53525  1.000000  0.000000
4    -11.51825  1.000000  0.000000
5    -11.50125  0.999997  0.000003
6    -11.48425  0.999995  0.000005
7    -11.46825  0.999998  0.000002
8    -11.45125  0.999905  0.000095
9    -11.43425  1.000000  0.000000
10   -11.41725  1.000000  0.000000
11   -11.40025  0.999914  0.000086
12   -11.38325  0.999997  0.000003
13   -11.36625  0.999010  0.000990
14   -11.34925  0.999995  0.000005
15   -11.33225  0.999997  0.000003
16   -11.31525  1.000000  0.000000
17   -11.29825  0.999893  0.000107
18   -11.28125  0.999997  0.000003
19   -11.26425  0.999997  0.000003
20   -11.24725  1.000000  0.000000
21   -11.23025  0.999999  0.000001
22   -11.21325  1.000000  0.000000
23   -11.19625  0.999998  0.000002
24   -11.17925  0.999899  0.000101
25   -11.16325  1.000000  0.000000
26   -11.14625  1.000000  0.000000
27   -11.12925  1.000000  0.000000
28   -11.11225  1.000000  0.000000
29   -11.09525  0.999997  0.000003
...        ...       ...       ...
2911  37.71875  0.006498  0.993502
2912  37.73575  0.012850  0.987150
2913  37.75275  0.003051  0.996949
2914  37.76975  0.005735  0.994265
2915  37.78675  0.015233  0.984767
2916  37.80375  0.011771  0.988229
2917  37.82075  0.000117  0.999883
2918  37.83775  0.008866  0.991134
2919  37.85475  0.017880  0.982120
2920  37.87175  0.000000  1.000000
2921  37.88875       NaN       NaN
2922  37.90475       NaN       NaN
2923  37.92175  0.000000  1.000000
2924  37.93875       NaN       NaN
2925  37.95575       NaN       NaN
2926  37.97275       NaN       NaN
2927  37.98975       NaN       NaN
2928  38.00675  1.000000  0.000000
2929  38.02375       NaN       NaN
2930  38.04075       NaN       NaN
2931  38.05775  0.000000  1.000000
2932  38.07475       NaN       NaN
2933  38.09175       NaN       NaN
2934  38.10875  1.000000  0.000000
2935  38.12575  0.535802  0.464198
2936  38.14175       NaN       NaN
2937  38.15875  0.000000  1.000000
2938  38.17575  1.000000  0.000000
2939  38.19275       NaN       NaN
2940  38.20975       NaN       NaN

[2941 rows x 3 columns]]]
